Test matrix:
   [ [  0,  1,  2 ] [  3,  4,  5 ] [  6,  7,  8 ] [  9, 10, 11 ] ]

   [ [ 12, 13, 14 ] [ 15, 16, 17 ] [ 18, 19, 20 ] [ 21, 22, 23 ] ]

   [ [ 24, 25, 26 ] [ 27, 28, 29 ] [ 30, 31, 32 ] [ 33, 34, 35 ] ]

   [ [ 36, 37, 38 ] [ 39, 40, 41 ] [ 42, 43, 44 ] [ 45, 46, 47 ] ]

Convert - row wise, mono-directional scan:
   [   0   3   6   9  12  15  18  21  24  27  30  33  36  39  42  45 ]
   [   1   4   7  10  13  16  19  22  25  28  31  34  37  40  43  46 ]
   [   2   5   8  11  14  17  20  23  26  29  32  35  38  41  44  47 ]

Convert - column wise, mono-directional scan:
   [   0  12  24  36   3  15  27  39   6  18  30  42   9  21  33  45 ]
   [   1  13  25  37   4  16  28  40   7  19  31  43  10  22  34  46 ]
   [   2  14  26  38   5  17  29  41   8  20  32  44  11  23  35  47 ]

Convert - row wise, bi-directional scan:
   [   0   3   6   9  21  18  15  12  24  27  30  33  45  42  39  36 ]
   [   1   4   7  10  22  19  16  13  25  28  31  34  46  43  40  37 ]
   [   2   5   8  11  23  20  17  14  26  29  32  35  47  44  41  38 ]

Convert - column wise, bi-directional scan:
   [   0  12  24  36  39  27  15   3   6  18  30  42  45  33  21   9 ]
   [   1  13  25  37  40  28  16   4   7  19  31  43  46  34  22  10 ]
   [   2  14  26  38  41  29  17   5   8  20  32  44  47  35  23  11 ]

